0 0.065625 0.1921875 0.13125 0.106640625
0 0.44765625 0.146875 0.2328125 0.230859375
0 0.734375 0.1375 0.18125 0.237109375
0 0.95546875 0.08359375 0.088671875 0.148828125
0 0.91484375 0.25546875 0.1703125 0.178125
0 0.73203125 0.51015625 0.1421875 0.188671875
0 0.734375 0.80859375 0.13046875 0.188671875
0 0.925 0.61171875 0.15 0.264453125
0 0.26796875 0.48515625 0.0984375 0.1171875
0 0.1953125 0.54140625 0.112890625 0.155078125
0 0.35234375 0.73984375 0.1046875 0.190625
0 0.528125 0.7546875 0.05078125 0.130859375