0 0.1484375 0.44765625 0.130859375 0.2359375
0 0.45546875 0.28125 0.157421875 0.302734375
0 0.496875 0.5421875 0.108984375 0.150390625
0 0.80546875 0.4125 0.3171875 0.399609375
0 0.42109375 0.8484375 0.0671875 0.175
0 0.5125 0.825 0.044140625 0.13671875
0 0.35859375 0.61796875 0.053125 0.0953125
0 0.2953125 0.63984375 0.04765625 0.096875
0 0.19609375 0.66484375 0.048046875 0.108203125
0 0.30859375 0.37578125 0.109375 0.241796875
0 0.203125 0.87734375 0.037890625 0.101953125
0 0.2875 0.865625 0.03828125 0.11328125
0 0.684375 0.809375 0.04921875 0.190234375
0 0.74609375 0.81171875 0.0296875 0.1765625