0 0.74609375 0.15546875 0.269921875 0.3109375
0 0.396875 0.5 0.24453125 0.21171875
0 0.12265625 0.79140625 0.075 0.1984375
0 0.2171875 0.78828125 0.055859375 0.211328125
0 0.31953125 0.778125 0.069921875 0.219140625
0 0.43984375 0.78671875 0.064453125 0.233203125
0 0.615625 0.75390625 0.11796875 0.203125
0 0.88515625 0.83203125 0.054296875 0.158203125
0 0.9390625 0.85859375 0.046484375 0.135546875
0 0.9421875 0.63984375 0.055859375 0.119921875
0 0.8953125 0.6359375 0.047265625 0.14765625
0 0.77890625 0.59140625 0.040625 0.167578125
1 0.40703125 0.30234375 0.326953125 0.3390625
1 0.16796875 0.57109375 0.15 0.14375
1 0.6265625 0.5859375 0.122265625 0.152734375