1 0.625 0.25625 0.749609375 0.4625
0 0.14296875 0.47265625 0.1453125 0.095703125
0 0.56171875 0.559375 0.220703125 0.122265625
0 0.80859375 0.6 0.083203125 0.06171875
0 0.7859375 0.69921875 0.06015625 0.078125
0 0.95390625 0.603125 0.0921875 0.08125
0 0.95625 0.71328125 0.087109375 0.088671875
0 0.84453125 0.803125 0.1234375 0.077734375
0 0.984375 0.8765625 0.030859375 0.075
0 0.66328125 0.91796875 0.0625 0.1171875
0 0.48515625 0.9140625 0.092578125 0.105859375
0 0.60703125 0.6828125 0.086328125 0.102734375
0 0.6515625 0.72734375 0.041015625 0.123828125
0 0.428125 0.6609375 0.075 0.106640625
0 0.53515625 0.74140625 0.073828125 0.0765625
0 0.44296875 0.765625 0.06875 0.066015625
0 0.3046875 0.59140625 0.065234375 0.094921875
0 0.4046875 0.578125 0.103515625 0.047265625
0 0.2625 0.5234375 0.065234375 0.065625
0 0.35078125 0.5078125 0.098828125 0.05390625