0 0.13984375 0.90078125 0.1421875 0.1984375
0 0.91953125 0.81796875 0.119921875 0.1703125
0 0.4359375 0.9234375 0.16875 0.128125
0 0.28828125 0.95 0.061328125 0.1
0 0.60859375 0.9609375 0.095703125 0.077734375
0 0.5921875 0.80625 0.155859375 0.094140625
0 0.63359375 0.6671875 0.1515625 0.131640625
0 0.4 0.6609375 0.115625 0.09765625
0 0.29453125 0.65 0.0828125 0.159765625
0 0.16171875 0.67265625 0.085546875 0.1328125
0 0.86953125 0.69140625 0.145703125 0.067578125
1 0.3265625 0.303125 0.284375 0.58203125