0 0.434375 0.47109375 0.393359375 0.4109375
0 0.85546875 0.640625 0.223828125 0.15703125
0 0.68828125 0.63046875 0.033203125 0.116796875
0 0.71171875 0.8828125 0.05 0.047265625
0 0.2484375 0.903125 0.04765625 0.062890625
0 0.559375 0.9109375 0.06328125 0.050390625
0 0.984375 0.7703125 0.030859375 0.068359375
0 0.771875 0.90546875 0.09453125 0.033203125
0 0.11015625 0.634375 0.2109375 0.130859375
0 0.21484375 0.096875 0.140625 0.14375
0 0.1625 0.4234375 0.159375 0.325390625
0 0.5125 0.77734375 0.10703125 0.215625
0 0.3390625 0.74765625 0.09140625 0.111328125
0 0.31875 0.89765625 0.068359375 0.054296875
0 0.48046875 0.91640625 0.0359375 0.0484375