0 0.01640625 0.671875 0.0328125 0.108984375
0 0.07109375 0.76484375 0.1203125 0.0515625
0 0.22734375 0.77109375 0.1234375 0.053125
0 0.35859375 0.78984375 0.079296875 0.060546875
0 0.44453125 0.82734375 0.092578125 0.045703125
0 0.57734375 0.8609375 0.107421875 0.100390625
0 0.64296875 0.9265625 0.135546875 0.075
0 0.90546875 0.95078125 0.1625 0.0984375
0 0.534375 0.27265625 0.08671875 0.023046875
0 0.696875 0.4171875 0.125390625 0.021875
0 0.8484375 0.42265625 0.10390625 0.020703125
1 0.38203125 0.3734375 0.7 0.225
1 0.33359375 0.909375 0.5453125 0.18125
1 0.9109375 0.83359375 0.137109375 0.1296875