1 0.50390625 0.31171875 0.991796875 0.623046875
0 0.06796875 0.45390625 0.1359375 0.0828125
0 0.365625 0.50234375 0.099609375 0.123046875
0 0.49921875 0.45546875 0.114453125 0.0890625
0 0.53515625 0.53046875 0.110546875 0.0546875
0 0.4546875 0.56640625 0.07109375 0.0484375
0 0.73671875 0.43515625 0.164453125 0.060546875
0 0.67890625 0.5234375 0.069921875 0.049609375
0 0.8625 0.53984375 0.080859375 0.051171875
0 0.9796875 0.42578125 0.040234375 0.079296875
0 0.7796875 0.34453125 0.059375 0.0734375