0 0.128125 0.59609375 0.230859375 0.101171875
0 0.3453125 0.66328125 0.04765625 0.05
0 0.39453125 0.68046875 0.051953125 0.04375
0 0.45859375 0.71171875 0.051953125 0.040625
0 0.2640625 0.640625 0.053515625 0.03203125
0 0.06484375 0.2640625 0.1296875 0.05
0 0.2140625 0.325 0.172265625 0.10625
0 0.5171875 0.39453125 0.268359375 0.0890625
0 0.8359375 0.5734375 0.04140625 0.047265625
0 0.95546875 0.65234375 0.0890625 0.0859375
1 0.60625 0.35546875 0.458984375 0.141796875
1 0.85546875 0.4703125 0.2890625 0.237109375
1 0.26640625 0.31875 0.19375 0.13828125