0 0.13828125 0.690625 0.215625 0.146875
0 0.31484375 0.740625 0.1640625 0.134765625
0 0.428125 0.746875 0.083984375 0.093359375
0 0.5796875 0.7453125 0.078515625 0.127734375
0 0.6984375 0.7625 0.05234375 0.087890625
0 0.89140625 0.82421875 0.0828125 0.06875
0 0.96953125 0.796875 0.046875 0.100390625
0 0.6265625 0.4203125 0.07109375 0.109765625
0 0.89609375 0.43046875 0.05 0.092578125
0 0.809375 0.41328125 0.050390625 0.063671875
1 0.99765625 0.79453125 0.0046875 0.001171875
1 0.496875 0.40390625 0.99375 0.8078125