0 0.95078125 0.6515625 0.0984375 0.283984375
0 0.94609375 0.87109375 0.1078125 0.133203125
0 0.546875 0.82578125 0.159765625 0.340625
0 0.6265625 0.7421875 0.055859375 0.309375
0 0.728125 0.940625 0.203125 0.11875
0 0.7765625 0.79453125 0.04375 0.176171875
0 0.696875 0.509375 0.078125 0.11875
0 0.70859375 0.71953125 0.0265625 0.051953125
0 0.8265625 0.6640625 0.034375 0.21640625
0 0.0953125 0.4921875 0.044140625 0.13125
0 0.04765625 0.6453125 0.058203125 0.203125
0 0.06875 0.8921875 0.118359375 0.155859375
0 0.3796875 0.86640625 0.12734375 0.242578125
0 0.4375 0.6953125 0.08671875 0.15234375
0 0.3296875 0.53671875 0.062890625 0.1765625
0 0.396875 0.53515625 0.05625 0.145703125
0 0.26640625 0.8375 0.038671875 0.102734375
0 0.12109375 0.775 0.045703125 0.096875
0 0.1859375 0.95703125 0.047265625 0.051171875
1 0.4203125 0.1953125 0.824609375 0.390625