0 0.20703125 0.58046875 0.048046875 0.811328125
0 0.4125 0.95078125 0.05 0.098046875
0 0.33515625 0.78671875 0.088671875 0.401953125
0 0.6234375 0.77734375 0.075 0.173828125
0 0.5953125 0.91953125 0.03984375 0.096875
0 0.34609375 0.13515625 0.095703125 0.0921875
0 0.34765625 0.26875 0.0953125 0.090234375
0 0.37109375 0.51796875 0.04375 0.320703125
0 0.44921875 0.63203125 0.0828125 0.0640625
0 0.41484375 0.7859375 0.0375 0.166015625
0 0.50625 0.88046875 0.01875 0.058203125
0 0.471875 0.88046875 0.03125 0.05625
0 0.4921875 0.9578125 0.05859375 0.05
0 0.5375 0.103125 0.040234375 0.087109375
0 0.7046875 0.2171875 0.05234375 0.059375
0 0.63203125 0.21875 0.0625 0.0625
0 0.6265625 0.5 0.01875 0.037890625
0 0.646875 0.56953125 0.028515625 0.0578125
1 0.09296875 0.5 0.161328125 0.999609375
1 0.84609375 0.4984375 0.201953125 0.987890625
1 0.5171875 0.340625 0.6375 0.659765625