0 0.7796875 0.48828125 0.196875 0.590625
0 0.228125 0.35703125 0.146484375 0.1765625
0 0.3796875 0.27890625 0.080859375 0.1234375
0 0.521875 0.16640625 0.146484375 0.239453125
0 0.53359375 0.43046875 0.1171875 0.242578125
0 0.55 0.71953125 0.18671875 0.251953125
0 0.4484375 0.85390625 0.17265625 0.126171875
0 0.71875 0.83359375 0.13828125 0.144921875
1 0.2875 0.128125 0.259765625 0.193359375
1 0.71796875 0.09765625 0.271875 0.191796875
1 0.23359375 0.59921875 0.045703125 0.0828125
1 0.403125 0.49765625 0.033984375 0.1125