0 0.421875 0.778125 0.072265625 0.066015625
0 0.36640625 0.75703125 0.0203125 0.060546875
0 0.27734375 0.5015625 0.0703125 0.0875
0 0.634375 0.69375 0.05703125 0.099609375
0 0.70390625 0.73671875 0.064453125 0.075
0 0.79375 0.7640625 0.062109375 0.097265625
0 0.8796875 0.80859375 0.06015625 0.0859375
0 0.9 0.67578125 0.059375 0.0921875
0 0.94609375 0.72265625 0.04375 0.060546875
0 0.975 0.665625 0.05 0.04375
0 0.8015625 0.65 0.043359375 0.084765625
0 0.74453125 0.609375 0.054296875 0.1
0 0.65390625 0.56484375 0.076171875 0.1078125
0 0.56796875 0.53203125 0.073828125 0.066796875
0 0.55703125 0.65390625 0.0703125 0.071875
0 0.434375 0.446875 0.069140625 0.06796875
0 0.37578125 0.39296875 0.038671875 0.016796875
0 0.340625 0.55234375 0.044140625 0.0796875
0 0.41796875 0.5703125 0.051171875 0.06640625
0 0.47890625 0.63828125 0.042578125 0.054296875
1 0.74296875 0.871875 0.5046875 0.25625