0 0.10546875 0.70390625 0.130078125 0.064453125
0 0.2046875 0.59296875 0.055859375 0.0578125
0 0.16640625 0.64609375 0.044921875 0.038671875
0 0.31875 0.60859375 0.072265625 0.0453125
0 0.45234375 0.6015625 0.0484375 0.046875
0 0.54296875 0.6 0.148828125 0.127734375
0 0.6421875 0.875 0.06015625 0.058984375
0 0.57734375 0.95859375 0.0734375 0.042578125
0 0.96015625 0.74453125 0.0765625 0.0828125
0 0.79765625 0.6328125 0.196875 0.047265625
0 0.65546875 0.6859375 0.082421875 0.056640625
0 0.0953125 0.47578125 0.046484375 0.0390625
0 0.27890625 0.459375 0.092578125 0.05
0 0.55078125 0.41328125 0.0640625 0.048828125
0 0.42421875 0.50859375 0.044921875 0.053125
1 0.42265625 0.4703125 0.684375 0.347265625
1 0.7140625 0.8015625 0.23515625 0.11015625
0 0.9328125 0.56484375 0.028515625 0.1296875