0 0.12109375 0.84609375 0.194921875 0.2546875
0 0.07890625 0.6453125 0.108203125 0.143359375
0 0.61640625 0.7890625 0.7671875 0.234375
0 0.77578125 0.22578125 0.395703125 0.169921875
0 0.759375 0.36796875 0.1375 0.221875
0 0.46953125 0.39453125 0.1671875 0.146875
0 0.40234375 0.2703125 0.078125 0.16640625
0 0.4859375 0.225 0.074609375 0.14921875
0 0.184375 0.3390625 0.075390625 0.13984375
0 0.27890625 0.4796875 0.090625 0.124609375
0 0.1046875 0.46171875 0.122265625 0.1640625
1 0.5765625 0.66015625 0.774609375 0.223828125
1 0.6578125 0.09140625 0.524609375 0.1625
1 0.06484375 0.1859375 0.108203125 0.275
1 0.2859375 0.18046875 0.165234375 0.328125