0 0.5578125 0.34375 0.143359375 0.350390625
0 0.05859375 0.34921875 0.1171875 0.120703125
0 0.2671875 0.428125 0.159375 0.118359375
0 0.446875 0.4859375 0.158984375 0.125390625
0 0.94609375 0.32265625 0.1078125 0.226171875
0 0.7546875 0.5578125 0.17890625 0.137109375
0 0.85703125 0.64375 0.13125 0.14296875
0 0.73515625 0.77890625 0.186328125 0.1046875
0 0.5859375 0.89609375 0.35625 0.1296875
0 0.89609375 0.92109375 0.2078125 0.135546875
0 0.21875 0.8390625 0.425390625 0.18125
0 0.43984375 0.6734375 0.1640625 0.11015625
0 0.54765625 0.55703125 0.160546875 0.094921875
1 0.46015625 0.13984375 0.8671875 0.2796875